Execution time:86.95267701148987
Best solution found:
[    1  3016 28494 10183 31791  1926 25910   855 29448  3093 16718 34856
  8754 13002  5040 44411 29167 39389 27455 39845 29730 30332 28144  5243
 30336  5726  5233 28261]
[    1 22553 28494 10183 31791  1926 25910   855 29448  3093 16718  4009
  8754 13002  5040 44411 29167 39389 27455 39845 29730 30332 28144  5243
 30336  5726  5233 28261]
[    1 22553 28494 10183 31791  1926 25910   855 29448  3093 16718  4009
  8754 13002  5040 44411 29167 39389 27455 39845 29730 30332 28144  5243
 30336  5726  5233 28261]
[    1  3016 28494 10183 31791  1926 25910   855 29448  3093 16718  4009
  8754 13002  5040 44411 29167 39389 27455 39845 29730 30332 28144  5243
 30336  5726  5233 28261]
[    1  3016 34855 42825 31791  1926  9130   855 25772 23708  3860 34856
  8754 13002  5040 44411 29167 20230 27455 39845 29154 36896 28144  5243
 44808  5726  5233 28261]
[    1 22553 34855 42825 31791  1926  9130 26263 29448 23708 16718  4009
 18865 13002  5040 11167 29167 20230 26843 39845 29154 30332 16129  5243
 44808  5726  5233 32811]
Classifiers:
Normalize:False
meka.classifiers.multilabel.PS -P 5 -N 1
weka.classifiers.functions.SimpleLogistic -- -W 0.1 -A
Normalize:False
meka.classifiers.multilabel.PMCC -Iy 95 -Is 76 -B 0.13 -O 0 -M 11 -P 'Jaccard distance'
weka.classifiers.bayes.NaiveBayes -- -K
Normalize:False
meka.classifiers.multilabel.PMCC -Iy 95 -Is 76 -B 0.13 -O 0 -M 11 -P 'Jaccard distance'
weka.classifiers.bayes.NaiveBayes -- -K
Normalize:False
meka.classifiers.multilabel.PS -P 5 -N 1
weka.classifiers.functions.SimpleLogistic -- -W 0.1 -A
Normalize:False
meka.classifiers.multilabel.PS -P 1 -N 3
weka.classifiers.functions.SimpleLogistic -- -W 0.1 -A
Normalize:False
meka.classifiers.multilabel.PMCC -Iy 56 -Is 796 -B 0.13 -O 0 -M 31 -P 'AUPRC (macro averaged)'
weka.classifiers.bayes.NaiveBayes --
Function value:
[[-3.46000e-01  1.56850e+04]
 [-7.18000e-01  1.57965e+06]
 [-7.18000e-01  1.57965e+06]
 [-3.46000e-01  1.56850e+04]
 [-6.42000e-01  3.76910e+04]
 [-6.76000e-01  9.64992e+05]]
F1 (macro averaged by label)
[0.346,0.718,0.718,0.346,0.642,0.676]
Model size
[15685.0,1579650.0,1579650.0,15685.0,37691.0,964992.0]
Evaluation:
[6,12,18,24,30,36,42,48,54,60,66,72,78,84,90,96,102,108,114,120,126,132,138]
Hypervolume:
[707836880.704,707836880.704,707836880.704,707836880.704,707836880.704,707836880.704,707836880.704,710835077.282,710835845.512,710888714.67,710809773.6999999,710809773.6999999,717887736.6259999,717884261.426,717884261.426,717884261.426,717884261.426,717884261.426,717884261.426,717884261.426,717884261.426,717884261.426,717884261.426]
History:
-0.708, 1579680.0, -0.623, 230578.0, -0.546, 20315.0
-0.708, 1579680.0, -0.623, 230578.0, -0.546, 20315.0, -0.546, 20315.0, -0.546, 20315.0, -0.708, 1579680.0
-0.708, 1579680.0, -0.546, 20315.0, -0.708, 1579680.0, -0.546, 20315.0, -0.623, 230578.0, -0.546, 20315.0
-0.546, 20315.0, -0.546, 20315.0, -0.708, 1579680.0, -0.708, 1579680.0, -0.623, 230578.0, -0.623, 230578.0
-0.546, 20315.0, -0.546, 20315.0, -0.708, 1579680.0, -0.708, 1579680.0, -0.623, 230578.0, -0.623, 230578.0
-0.708, 1579680.0, -0.708, 1579680.0, -0.546, 20315.0, -0.546, 20315.0, -0.623, 230578.0, -0.623, 230578.0
-0.546, 20315.0, -0.546, 20315.0, -0.708, 1579680.0, -0.708, 1579680.0, -0.623, 230578.0, -0.623, 230578.0
-0.546, 20315.0, -0.546, 20315.0, -0.711, 1579638.0, -0.623, 230578.0, -0.623, 230578.0, -0.56, 21155.0
-0.346, 15685.0, -0.711, 1579638.0, -0.711, 1579638.0, -0.625, 530552.0, -0.546, 20315.0, -0.623, 230578.0
-0.346, 15685.0, -0.711, 1579638.0, -0.346, 15685.0, -0.711, 1579638.0, -0.656, 135593.0, -0.546, 20315.0
-0.346, 15685.0, -0.711, 1579638.0, -0.346, 15685.0, -0.711, 1579638.0, -0.676, 964992.0, -0.546, 20315.0
-0.711, 1579638.0, -0.346, 15685.0, -0.346, 15685.0, -0.711, 1579638.0, -0.546, 20315.0, -0.676, 964992.0
-0.346, 15685.0, -0.718, 1579650.0, -0.346, 15685.0, -0.676, 964992.0, -0.642, 37691.0, -0.546, 20315.0
-0.718, 1579650.0, -0.346, 15685.0, -0.718, 1579650.0, -0.346, 15685.0, -0.676, 964992.0, -0.642, 37691.0
-0.346, 15685.0, -0.718, 1579650.0, -0.718, 1579650.0, -0.346, 15685.0, -0.642, 37691.0, -0.676, 964992.0
-0.346, 15685.0, -0.718, 1579650.0, -0.718, 1579650.0, -0.346, 15685.0, -0.642, 37691.0, -0.676, 964992.0
-0.718, 1579650.0, -0.346, 15685.0, -0.718, 1579650.0, -0.346, 15685.0, -0.642, 37691.0, -0.676, 964992.0
-0.718, 1579650.0, -0.346, 15685.0, -0.346, 15685.0, -0.718, 1579650.0, -0.642, 37691.0, -0.676, 964992.0
-0.718, 1579650.0, -0.346, 15685.0, -0.718, 1579650.0, -0.346, 15685.0, -0.642, 37691.0, -0.676, 964992.0
-0.346, 15685.0, -0.718, 1579650.0, -0.346, 15685.0, -0.718, 1579650.0, -0.642, 37691.0, -0.676, 964992.0
-0.718, 1579650.0, -0.346, 15685.0, -0.718, 1579650.0, -0.346, 15685.0, -0.642, 37691.0, -0.676, 964992.0
-0.718, 1579650.0, -0.718, 1579650.0, -0.346, 15685.0, -0.346, 15685.0, -0.642, 37691.0, -0.676, 964992.0
-0.346, 15685.0, -0.718, 1579650.0, -0.718, 1579650.0, -0.346, 15685.0, -0.642, 37691.0, -0.676, 964992.0
