Execution time:31.4003586769104
Best solution found:
[    0  5331 35751 14328 31761  2891 14943 12904 17316 26109 21196 18507
 15603 21155  1722 11312 23152 24547 32484 19128 35453  9696 18513 38639
 15592 27449 43438 12118]
[    0  5331 35751 14328  7343  2891 14943 12904 17316 26109 21196 18507
 15603 21155  1722 40352 23152 24547 32484 19128 35453  9696 18513 38639
 28531 27449 43438 35390]
[    0  5331 35751 14328  7343  2891 14943 12904 17316 26109 21196 18507
 15603 21155  1722 11312 23152 24547 32484 19128 35453  9696 18513 38639
 15592 27449 43438 35390]
[    0  5331 35751 14328 31761  2891 14943 12904 17316 26109 21196 18507
 15603 21155  1722 11312 23152 24547 32484 19128 35453  9696 18513 38639
 15592 27449 43438 12118]
[    0  5331 35751 14328  7343  2891 39478 13481 17316 26109 21196 18507
 15603 21155  1722 40352  3489 24547 44304 19128 35453  9696 23882 38639
 28531 24792 25209 35390]
[    0  5331 35751 14328  7343  2891 39478 13481 17316 26109 21196 18507
 15603 21155  1722 40352  3489 24547 44304 19128 35453  9696 23882 38639
 28531 24792 25209 35390]
Classifiers:
Normalize:False
meka.classifiers.multilabel.RAkEL -N 3 -P 4 -k 1 -M 7
weka.classifiers.functions.SimpleLogistic -- -W 0.1 -A
Normalize:False
meka.classifiers.multilabel.RAkEL -N 3 -P 4 -k 3 -M 7
weka.classifiers.functions.SimpleLogistic -- -W 0.1 -A
Normalize:False
meka.classifiers.multilabel.RAkEL -N 3 -P 4 -k 3 -M 7
weka.classifiers.functions.SimpleLogistic -- -W 0.1 -A
Normalize:False
meka.classifiers.multilabel.RAkEL -N 3 -P 4 -k 1 -M 7
weka.classifiers.functions.SimpleLogistic -- -W 0.1 -A
Normalize:False
meka.classifiers.multilabel.RAkEL -N 3 -P 4 -k 3 -M 7
weka.classifiers.functions.Logistic -- -R 10.0
Normalize:False
meka.classifiers.multilabel.RAkEL -N 3 -P 4 -k 3 -M 7
weka.classifiers.functions.Logistic -- -R 10.0
Function value:
[[-5.1300e-01  7.1429e+04]
 [-6.8300e-01  9.9142e+04]
 [-6.8300e-01  9.9142e+04]
 [-5.1300e-01  7.1429e+04]
 [-6.7200e-01  8.3182e+04]
 [-6.7200e-01  8.3182e+04]]
F1 (macro averaged by label)
[0.513,0.683,0.683,0.513,0.672,0.672]
Model size
[71429.0,99142.0,99142.0,71429.0,83182.0,83182.0]
Evaluation:
[6,12,18,24,30,36,42,48,54,60,66,72,78,84,90,96,102]
Hypervolume:
[660627081.8850001,660627115.845,660638129.5970001,671950130.9850001,672950031.843,672950031.843,682949040.4230001,682949040.4230001,682949040.4230001,682949040.4230001,682949040.4230001,682949040.4230001,682949040.4230001,682949040.4230001,682949040.4230001,682949040.4230001,682949040.4230001]
History:
-0.564, 124811.0, -0.661, 5392423.0, -0.606, 141463.0
-0.564, 124811.0, -0.661, 5392423.0, -0.564, 124811.0, -0.606, 141463.0, -0.606, 141463.0, -0.57, 135803.0
-0.661, 5392423.0, -0.661, 5392423.0, -0.568, 105498.0, -0.606, 141463.0, -0.606, 141463.0, -0.57, 135803.0
-0.513, 71429.0, -0.672, 83182.0
-0.513, 71429.0, -0.672, 83182.0, -0.673, 99142.0, -0.513, 71429.0, -0.672, 83182.0
-0.673, 99142.0, -0.513, 71429.0, -0.673, 99142.0, -0.513, 71429.0, -0.672, 83182.0, -0.672, 83182.0
-0.513, 71429.0, -0.513, 71429.0, -0.683, 99142.0, -0.672, 83182.0, -0.672, 83182.0, -0.672, 83182.0
-0.683, 99142.0, -0.683, 99142.0, -0.513, 71429.0, -0.513, 71429.0, -0.672, 83182.0, -0.672, 83182.0
-0.513, 71429.0, -0.683, 99142.0, -0.683, 99142.0, -0.513, 71429.0, -0.672, 83182.0, -0.672, 83182.0
-0.513, 71429.0, -0.683, 99142.0, -0.513, 71429.0, -0.683, 99142.0, -0.672, 83182.0, -0.672, 83182.0
-0.513, 71429.0, -0.683, 99142.0, -0.683, 99142.0, -0.513, 71429.0, -0.672, 83182.0, -0.672, 83182.0
-0.683, 99142.0, -0.513, 71429.0, -0.513, 71429.0, -0.683, 99142.0, -0.672, 83182.0, -0.672, 83182.0
-0.683, 99142.0, -0.683, 99142.0, -0.513, 71429.0, -0.513, 71429.0, -0.672, 83182.0, -0.672, 83182.0
-0.513, 71429.0, -0.683, 99142.0, -0.513, 71429.0, -0.683, 99142.0, -0.672, 83182.0, -0.672, 83182.0
-0.513, 71429.0, -0.513, 71429.0, -0.683, 99142.0, -0.683, 99142.0, -0.672, 83182.0, -0.672, 83182.0
-0.683, 99142.0, -0.513, 71429.0, -0.513, 71429.0, -0.683, 99142.0, -0.672, 83182.0, -0.672, 83182.0
-0.513, 71429.0, -0.683, 99142.0, -0.683, 99142.0, -0.513, 71429.0, -0.672, 83182.0, -0.672, 83182.0
