Execution time:37.757537603378296
Best solution found:
[    1 17953 17312 21647  6513  6360 12689 38149  2813 20181  5156 41702
 38984 24348 38309 13622 13114 28149 12395 44897 24429 14283 22947 37521
 31417 23850  3375 32087]
[    1  2764 14838 21647  6513  6360 21672 38149  9950 20181  5156 23893
 41094 24348 33659 13622 13114 37281 12395 44897 42712 19885 22947 21805
 31417 23850  3375 13445]
[    1  2764 14838 21647  6513  6360 21672 38149  9950 20181  5156 23893
 41094 24348 33659 13622 13114 37281 12395 44897 42712 19885 22947 21805
 31417 23850  3375 13445]
[    1 17953 17312 21647  6513  6360 12689 38149  2813 20181  5156 41702
 38984 24348 38309 13622 13114 28149 12395 44897 24429 14283 22947 37521
 31417 23850  3375 32087]
[    1 17953 17312 30532 22656 34635 21672 25436  2813 20181 39616 23893
 38984  3094 38309 13622 44108 28149 30477 41356 42712 14283 42416 37521
 31417 23850  3375 32087]
[    1  2764 14838 30532  6513  6360 21672 25436  9950  4896  5156 23893
 41094 24348 33659 13622 44108 37281 30477 41356 42712 19885 42416 21805
  1316 18586   747 13445]
Classifiers:
Normalize:False
meka.classifiers.multilabel.FW
weka.classifiers.bayes.NaiveBayes -- -K
Normalize:False
meka.classifiers.multilabel.PS -P 4 -N 5
weka.classifiers.rules.PART -- -M 25 -R -N 4
Normalize:False
meka.classifiers.multilabel.PS -P 4 -N 5
weka.classifiers.rules.PART -- -M 25 -R -N 4
Normalize:False
meka.classifiers.multilabel.FW
weka.classifiers.bayes.NaiveBayes -- -K
Normalize:False
meka.classifiers.multilabel.FW
weka.classifiers.bayes.NaiveBayes --
Normalize:False
meka.classifiers.multilabel.PS -P 4 -N 4
weka.classifiers.rules.PART -- -M 25
Function value:
[[-6.71000e-01  8.16091e+05]
 [-2.52000e-01  7.14300e+03]
 [-2.52000e-01  7.14300e+03]
 [-6.71000e-01  8.16091e+05]
 [-6.22000e-01  1.43229e+05]
 [-3.50000e-01  9.45700e+03]]
F1 (macro averaged by label)
[0.671,0.252,0.252,0.671,0.622,0.35]
Model size
[816091.0,7143.0,7143.0,816091.0,143229.0,9457.0]
Evaluation:
[6,12,18,24,30,36,42,48,54,60,66,72,78,84]
Hypervolume:
[577972443.9959999,577972443.9959999,621974987.5400001,670930119.917,670918326.431,670918326.431,670918326.431,670918326.431,670918326.431,670918326.431,670918326.431,670918326.431,670918326.431,670918326.431]
History:
-0.414, 19956.0, -0.494, 20578.0, -0.578, 210095.0
-0.414, 19956.0, -0.494, 20578.0, -0.578, 210095.0, -0.414, 19956.0, -0.578, 210095.0, -0.494, 20578.0
-0.252, 7143.0, -0.622, 143229.0, -0.494, 20578.0, -0.414, 19956.0, -0.494, 20578.0, -0.414, 19956.0
-0.252, 7143.0, -0.252, 7143.0, -0.671, 816091.0, -0.622, 143229.0, -0.541, 81483.0, -0.35, 9457.0
-0.252, 7143.0, -0.252, 7143.0, -0.671, 816091.0, -0.671, 816091.0, -0.622, 143229.0, -0.35, 9457.0
-0.252, 7143.0, -0.671, 816091.0, -0.671, 816091.0, -0.252, 7143.0, -0.622, 143229.0, -0.35, 9457.0
-0.671, 816091.0, -0.252, 7143.0, -0.252, 7143.0, -0.671, 816091.0, -0.622, 143229.0, -0.35, 9457.0
-0.252, 7143.0, -0.671, 816091.0, -0.671, 816091.0, -0.252, 7143.0, -0.622, 143229.0, -0.35, 9457.0
-0.252, 7143.0, -0.252, 7143.0, -0.671, 816091.0, -0.671, 816091.0, -0.622, 143229.0, -0.35, 9457.0
-0.252, 7143.0, -0.671, 816091.0, -0.671, 816091.0, -0.252, 7143.0, -0.622, 143229.0, -0.35, 9457.0
-0.671, 816091.0, -0.252, 7143.0, -0.671, 816091.0, -0.252, 7143.0, -0.622, 143229.0, -0.35, 9457.0
-0.671, 816091.0, -0.252, 7143.0, -0.671, 816091.0, -0.252, 7143.0, -0.622, 143229.0, -0.35, 9457.0
-0.252, 7143.0, -0.671, 816091.0, -0.252, 7143.0, -0.671, 816091.0, -0.622, 143229.0, -0.35, 9457.0
-0.671, 816091.0, -0.252, 7143.0, -0.252, 7143.0, -0.671, 816091.0, -0.622, 143229.0, -0.35, 9457.0
