Execution time:24.501086235046387
Best solution found:
[    0  5034 34030 26354  1798 34430 17470 30687 30562 15495 35706 22986
 30791  2453 42224 26090 36955  5389 18015 42650 16262 20893 37878 19292
 33765 16507 40742  7144]
[    0 31155 34030 26354  1798 34430 17470 30687 30562 15495 35706 22986
 30791  2453 42224 26090 36955  5389 18015 42650 16262 20893 37878 19292
 33765  4224 40742  7144]
[    0  5034 34030 26354  1798 34430 17470 30687 30562 15495 35706 22986
 30791  2453 42224 26090 36955  5389 18015 42650 16262 20893 37878 19292
 33765 16507 40742  7144]
[    0 31155 34030 26354  1798 34430 17470 30687 30562 15495 35706 22986
 30791  2453 42224 26090 36955  5389 18015 42650 16262 20893 37878 19292
 33765  4224 40742  7144]
[    0  8454 34030 35001  1798 34430 23513 30687 30562 10382 17374 32526
 12712  5059 33769 26090 12340 12560 18015 16939 42416 20047 37878 17563
 11098  4224 35244  2511]
[    0 29989 32378 26354  1798 34430 21920 38571 38504    29 35706 11800
 15832  2453 25216 26090 12340 28839 32715 38502 16262 20893 17925 39062
 37573 41854 40742  2511]
Classifiers:
Normalize:False
meka.classifiers.multilabel.RAkELd -P 1 -N 2 -batch-size 6
weka.classifiers.trees.RandomTree -- -M 63 -K 30 -depth 0 -N 5
Normalize:False
meka.classifiers.multilabel.CDN -Ic 31 -I 325
weka.classifiers.functions.SimpleLogistic -- -W 0.0 -A
Normalize:False
meka.classifiers.multilabel.RAkELd -P 1 -N 2 -batch-size 6
weka.classifiers.trees.RandomTree -- -M 63 -K 30 -depth 0 -N 5
Normalize:False
meka.classifiers.multilabel.CDN -Ic 31 -I 325
weka.classifiers.functions.SimpleLogistic -- -W 0.0 -A
Normalize:False
meka.classifiers.multilabel.RAkELd -P 1 -N 3 -batch-size 6
weka.classifiers.trees.RandomTree -- -M 26 -K 30 -depth 0 -N 4
Normalize:False
meka.classifiers.multilabel.BR
weka.classifiers.functions.SGD -- -F 0 -L 0.01 -R 1e-08 -M
Function value:
[[-4.25000e-01  8.18300e+03]
 [-6.67000e-01  1.03337e+05]
 [-4.25000e-01  8.18300e+03]
 [-6.67000e-01  1.03337e+05]
 [-5.43000e-01  9.93000e+03]
 [-6.64000e-01  5.68380e+04]]
F1 (macro averaged by label)
[0.425,0.667,0.425,0.667,0.543,0.664]
Model size
[8183.0,103337.0,8183.0,103337.0,9930.0,56838.0]
Evaluation:
[6,12,18,24,30,36,42,48,54,60,66,72,78,84,90,96]
Hypervolume:
[666981256.7960001,666987833.8700001,666987833.8700001,666987833.8700001,666987977.08,666988163.0760001,666988163.0760001,666988163.0760001,666988163.0760001,666988163.0760001,666988163.0760001,666988163.0760001,666988163.0760001,666988163.0760001,666988163.0760001,666988163.0760001]
History:
-0.435, 26719.0, -0.66, 56838.0, -0.667, 103337.0, -0.345, 8193.0
-0.66, 56838.0, -0.667, 103337.0, -0.345, 8193.0, -0.66, 56838.0, -0.543, 9930.0, -0.345, 8193.0
-0.667, 103337.0, -0.667, 103337.0, -0.345, 8193.0, -0.345, 8193.0, -0.543, 9930.0, -0.66, 56838.0
-0.345, 8193.0, -0.667, 103337.0, -0.345, 8193.0, -0.667, 103337.0, -0.543, 9930.0, -0.66, 56838.0
-0.667, 103337.0, -0.425, 8183.0, -0.667, 103337.0, -0.66, 56838.0, -0.543, 9930.0, -0.543, 9930.0
-0.425, 8183.0, -0.667, 103337.0, -0.667, 103337.0, -0.425, 8183.0, -0.664, 56838.0, -0.543, 9930.0
-0.425, 8183.0, -0.425, 8183.0, -0.667, 103337.0, -0.667, 103337.0, -0.543, 9930.0, -0.664, 56838.0
-0.425, 8183.0, -0.667, 103337.0, -0.425, 8183.0, -0.667, 103337.0, -0.543, 9930.0, -0.664, 56838.0
-0.667, 103337.0, -0.667, 103337.0, -0.425, 8183.0, -0.425, 8183.0, -0.543, 9930.0, -0.664, 56838.0
-0.425, 8183.0, -0.667, 103337.0, -0.425, 8183.0, -0.667, 103337.0, -0.543, 9930.0, -0.664, 56838.0
-0.667, 103337.0, -0.667, 103337.0, -0.425, 8183.0, -0.425, 8183.0, -0.664, 56838.0, -0.543, 9930.0
-0.667, 103337.0, -0.425, 8183.0, -0.667, 103337.0, -0.425, 8183.0, -0.543, 9930.0, -0.664, 56838.0
-0.667, 103337.0, -0.667, 103337.0, -0.425, 8183.0, -0.425, 8183.0, -0.543, 9930.0, -0.664, 56838.0
-0.425, 8183.0, -0.667, 103337.0, -0.667, 103337.0, -0.425, 8183.0, -0.543, 9930.0, -0.664, 56838.0
-0.425, 8183.0, -0.667, 103337.0, -0.667, 103337.0, -0.425, 8183.0, -0.543, 9930.0, -0.664, 56838.0
-0.425, 8183.0, -0.667, 103337.0, -0.425, 8183.0, -0.667, 103337.0, -0.543, 9930.0, -0.664, 56838.0
