Execution time:46.87590980529785
Best solution found:
[    1 28551 23722 44977 37639  8028 29002 40972  8608 12211 26203 32295
   893 32385 28446 32340 19731 15098 34327  1922  3282 33689 37915  9399
 17976  9725 10401 37128]
[    0 23836 23722 44977 43617  8028 29002 11037  8608  8449  4509 32295
 35178  3991 28446 32340 14386 15098 34327  1922 11845 28017 37915 24278
 43555  7559 10401 36101]
[    1 28551 23722 44977 37639  8028 29002 40972  8608 12211 26203 32295
   893 32385 28446 32340 19731 15098 34327  1922  3282 33689 37915  9399
 17976  9725 10401 37128]
[    0 23836 23722 44977 43617  8028 29002 11037  8608  8449  4509 32295
 35178  3991 28446 32340 14386 15098 34327  1922 11845 28017 37915 24278
 43555  7559 10401 36101]
[    1 28551 23722 44977 37639  8028 33424 40972  8608 12211 26203 32295
   893 32385 28446 32340 19731 15098 34327  1922  3282 33689 37915  9399
 17976  9725 10401 37128]
[    1 28551 23722 44977 37639  8028 33424 40972  8608 12211 26203 32295
   893 32385 28446 32340 19731 15098 34327  1922  3282 33689 37915  9399
 17976  9725 10401 37128]
Classifiers:
Normalize:True
meka.classifiers.multilabel.RAkEL -N 4 -P 3 -k 2 -M 9
weka.classifiers.lazy.KStar -- -B 73 -M n
Normalize:False
meka.classifiers.multilabel.LC
weka.classifiers.lazy.KStar -- -B 78 -E -M a
Normalize:True
meka.classifiers.multilabel.RAkEL -N 4 -P 3 -k 2 -M 9
weka.classifiers.lazy.KStar -- -B 73 -M n
Normalize:False
meka.classifiers.multilabel.LC
weka.classifiers.lazy.KStar -- -B 78 -E -M a
Normalize:False
meka.classifiers.multilabel.RAkEL -N 4 -P 3 -k 2 -M 9
weka.classifiers.bayes.NaiveBayes --
Normalize:False
meka.classifiers.multilabel.RAkEL -N 4 -P 3 -k 2 -M 9
weka.classifiers.bayes.NaiveBayes --
Function value:
[[-6.86000e-01  2.34541e+05]
 [-5.64000e-01  3.40710e+04]
 [-6.86000e-01  2.34541e+05]
 [-5.64000e-01  3.40710e+04]
 [-5.84000e-01  6.44420e+04]
 [-5.84000e-01  6.44420e+04]]
F1 (macro averaged by label)
[0.686,0.564,0.686,0.564,0.584,0.584]
Model size
[234541.0,34071.0,234541.0,34071.0,64442.0,64442.0]
Evaluation:
[6,12,18,24,30,36,42,48,54,60,66,72,78,84,90,96,102,108,114,120]
Hypervolume:
[583979495.1159999,583979495.1159999,583979495.1159999,583979495.1159999,583979495.1159999,583979495.1159999,650792993.581,653955985.546,653955985.546,685955571.934,685955571.934,685955571.934,685955571.934,685955571.934,685955571.934,685955571.934,685955571.934,685955571.934,685955571.934,685955571.934]
History:
-0.584, 64442.0, -0.564, 34071.0
-0.584, 64442.0, -0.564, 34071.0, -0.564, 34071.0
-0.564, 34071.0, -0.564, 34071.0, -0.584, 64442.0, -0.584, 64442.0, -0.564, 34071.0, -0.564, 34071.0
-0.564, 34071.0, -0.584, 64442.0, -0.584, 64442.0, -0.564, 34071.0, -0.584, 64442.0, -0.564, 34071.0
-0.564, 34071.0, -0.584, 64442.0, -0.564, 34071.0, -0.584, 64442.0, -0.584, 64442.0, -0.564, 34071.0
-0.564, 34071.0, -0.564, 34071.0, -0.584, 64442.0, -0.584, 64442.0, -0.584, 64442.0, -0.584, 64442.0
-0.564, 34071.0, -0.564, 34071.0, -0.651, 2783605.0, -0.584, 64442.0, -0.584, 64442.0, -0.584, 64442.0
-0.564, 34071.0, -0.564, 34071.0, -0.654, 335851.0, -0.584, 64442.0, -0.584, 64442.0, -0.564, 34071.0
-0.654, 335851.0, -0.564, 34071.0, -0.564, 34071.0, -0.584, 64442.0, -0.584, 64442.0, -0.584, 64442.0
-0.564, 34071.0, -0.686, 234541.0, -0.564, 34071.0, -0.584, 64442.0, -0.584, 64442.0, -0.584, 64442.0
-0.686, 234541.0, -0.564, 34071.0, -0.686, 234541.0, -0.564, 34071.0, -0.584, 64442.0, -0.584, 64442.0
-0.686, 234541.0, -0.564, 34071.0, -0.686, 234541.0, -0.564, 34071.0, -0.584, 64442.0, -0.584, 64442.0
-0.686, 234541.0, -0.564, 34071.0, -0.686, 234541.0, -0.564, 34071.0, -0.584, 64442.0, -0.584, 64442.0
-0.564, 34071.0, -0.564, 34071.0, -0.686, 234541.0, -0.686, 234541.0, -0.584, 64442.0, -0.584, 64442.0
-0.564, 34071.0, -0.564, 34071.0, -0.686, 234541.0, -0.686, 234541.0, -0.584, 64442.0, -0.584, 64442.0
-0.686, 234541.0, -0.564, 34071.0, -0.564, 34071.0, -0.686, 234541.0, -0.584, 64442.0, -0.584, 64442.0
-0.686, 234541.0, -0.564, 34071.0, -0.564, 34071.0, -0.686, 234541.0, -0.584, 64442.0, -0.584, 64442.0
-0.564, 34071.0, -0.686, 234541.0, -0.686, 234541.0, -0.564, 34071.0, -0.584, 64442.0, -0.584, 64442.0
-0.686, 234541.0, -0.564, 34071.0, -0.564, 34071.0, -0.686, 234541.0, -0.584, 64442.0, -0.584, 64442.0
-0.686, 234541.0, -0.564, 34071.0, -0.686, 234541.0, -0.564, 34071.0, -0.584, 64442.0, -0.584, 64442.0
