Execution time:40.56719899177551
Best solution found:
[    0 35687 31958 20934 20705  4766 37860 42311 35182 15708 24184 22091
  3846 44473 39762 14838 19107  8253 41225 20336  3215 18068  4029 41673
 25073 27617 25346 27724]
[    0 35687 31958 20934 20705  4766 37860 42311 35182 15708 24184 22091
  3846 44473 39762 14838 19107  8253 41225 20336  3215 18068  4029 41673
 25073 27617 25346 27724]
[    0 16230 43591 20934 20705 41525 21530 42311 35182 15708 24184 22091
 26000 44473 39762 14838 19107 41411 41225  4658  3215 18068  4029 41673
 25073 27617 25346 27724]
[    0 16230 43591 20934 20705 41525 21530 42311 35182 15708 24184 22091
 26000 44473 39762 14838 19107 41411 41225  4658  3215 18068  4029 41673
 25073 27617 25346 27724]
[    0 16230 31958 20934 20705  4766 21530  6540 35182 44547 24184 29799
 26000 24565 39762 14838 18880 41411 41225 20336  3215 18068 36100 41673
 44353 37229 32322 27724]
[    0 16230 31958 20934 20705 41525 21530 42311 44610 15708 24184 22091
 26000 44473 19352 14838 19107  8253  8725  4658  3215  3041  4029 41673
 44353 27617 25346 27724]
Classifiers:
Normalize:False
meka.classifiers.multilabel.PSt -P 4 -N 0
weka.classifiers.rules.PART -- -M 31 -R -N 4
Normalize:False
meka.classifiers.multilabel.PSt -P 4 -N 0
weka.classifiers.rules.PART -- -M 31 -R -N 4
Normalize:False
meka.classifiers.multilabel.RAkELd -P 2 -N 0 -batch-size 11
weka.classifiers.rules.JRip -- -N 1.5 -E -O 4
Normalize:False
meka.classifiers.multilabel.RAkELd -P 2 -N 0 -batch-size 11
weka.classifiers.rules.JRip -- -N 1.5 -E -O 4
Normalize:False
meka.classifiers.multilabel.RAkELd -P 4 -N 0 -batch-size 11
weka.classifiers.trees.RandomTree -- -M 27 -K 0 -depth 15 -N 0
Normalize:False
meka.classifiers.multilabel.RAkELd -P 4 -N 0 -batch-size 11
weka.classifiers.rules.JRip -- -N 1.5 -E -O 4
Function value:
[[-4.2900e-01  7.1890e+03]
 [-4.2900e-01  7.1890e+03]
 [-6.3600e-01  1.8144e+04]
 [-6.3600e-01  1.8144e+04]
 [-5.0700e-01  8.6960e+03]
 [-6.3000e-01  1.7806e+04]]
F1 (macro averaged by label)
[0.429,0.429,0.636,0.636,0.507,0.63]
Model size
[7189.0,7189.0,18144.0,18144.0,8696.0,17806.0]
Evaluation:
[6,12,18,24,30,36,42,48,54,60,66,72,78,84,90,96,102,108,114,120,126,132,138,144,150,156]
Hypervolume:
[635983727.865,635983727.865,635983727.865,635983727.865,635990150.3050001,635990152.825,635990152.825,635991142.276,635990962.972,635990962.972,635990962.972,635990962.972,635993897.0550001,635993897.0550001,635993897.0550001,635993938.6290001,635993938.6290001,635993938.6290001,635993938.6290001,635993938.6290001,635993938.6290001,635993938.6290001,635993938.6290001,635993938.6290001,635993938.6290001,635993938.6290001]
History:
-0.537, 30252.0, -0.513, 9142.0, -0.636, 109659.0
-0.537, 30252.0, -0.513, 9142.0, -0.636, 109659.0, -0.513, 9142.0, -0.513, 9142.0, -0.537, 30252.0
-0.513, 9142.0, -0.513, 9142.0, -0.636, 109659.0, -0.636, 109659.0, -0.537, 30252.0, -0.537, 30252.0
-0.636, 109659.0, -0.636, 109659.0, -0.513, 9142.0, -0.513, 9142.0, -0.537, 30252.0, -0.537, 30252.0
-0.513, 9142.0, -0.513, 9142.0, -0.636, 109659.0, -0.636, 109659.0, -0.605, 19135.0, -0.636, 109659.0
-0.513, 9142.0, -0.636, 109659.0, -0.513, 9142.0, -0.636, 109659.0, -0.605, 19135.0, -0.516, 18295.0
-0.513, 9142.0, -0.636, 109659.0, -0.513, 9142.0, -0.636, 109659.0, -0.605, 19135.0, -0.516, 18295.0
-0.636, 109659.0, -0.636, 109659.0, -0.429, 7189.0, -0.605, 19135.0, -0.6, 17207.0, -0.507, 8696.0
-0.636, 109659.0, -0.429, 7189.0, -0.636, 109659.0, -0.429, 7189.0, -0.605, 19135.0, -0.507, 8696.0
-0.636, 109659.0, -0.429, 7189.0, -0.636, 109659.0, -0.429, 7189.0, -0.605, 19135.0, -0.507, 8696.0
-0.636, 109659.0, -0.636, 109659.0, -0.429, 7189.0, -0.429, 7189.0, -0.605, 19135.0, -0.507, 8696.0
-0.636, 109659.0, -0.636, 109659.0, -0.429, 7189.0, -0.429, 7189.0, -0.605, 19135.0, -0.507, 8696.0
-0.429, 7189.0, -0.429, 7189.0, -0.507, 8696.0, -0.636, 18144.0, -0.429, 7189.0
-0.429, 7189.0, -0.429, 7189.0, -0.636, 18144.0, -0.507, 8696.0, -0.507, 8696.0, -0.429, 7189.0
-0.636, 18144.0, -0.429, 7189.0, -0.429, 7189.0, -0.636, 18144.0, -0.507, 8696.0, -0.507, 8696.0
-0.636, 18144.0, -0.429, 7189.0, -0.636, 18144.0, -0.429, 7189.0, -0.63, 17806.0, -0.507, 8696.0
-0.429, 7189.0, -0.429, 7189.0, -0.636, 18144.0, -0.636, 18144.0, -0.507, 8696.0, -0.63, 17806.0
-0.429, 7189.0, -0.429, 7189.0, -0.636, 18144.0, -0.636, 18144.0, -0.63, 17806.0, -0.507, 8696.0
-0.636, 18144.0, -0.429, 7189.0, -0.636, 18144.0, -0.429, 7189.0, -0.507, 8696.0, -0.63, 17806.0
-0.636, 18144.0, -0.429, 7189.0, -0.429, 7189.0, -0.636, 18144.0, -0.507, 8696.0, -0.63, 17806.0
-0.429, 7189.0, -0.429, 7189.0, -0.636, 18144.0, -0.636, 18144.0, -0.507, 8696.0, -0.63, 17806.0
-0.429, 7189.0, -0.636, 18144.0, -0.429, 7189.0, -0.636, 18144.0, -0.507, 8696.0, -0.63, 17806.0
-0.636, 18144.0, -0.636, 18144.0, -0.429, 7189.0, -0.429, 7189.0, -0.507, 8696.0, -0.63, 17806.0
-0.636, 18144.0, -0.429, 7189.0, -0.636, 18144.0, -0.429, 7189.0, -0.507, 8696.0, -0.63, 17806.0
-0.636, 18144.0, -0.429, 7189.0, -0.429, 7189.0, -0.636, 18144.0, -0.507, 8696.0, -0.63, 17806.0
-0.429, 7189.0, -0.429, 7189.0, -0.636, 18144.0, -0.636, 18144.0, -0.507, 8696.0, -0.63, 17806.0
