Execution time:34.0805766582489
Best solution found:
[    1 13119 21713  5560  5702 26548  2872 13529 37348  7483  3161 22380
 11548 13875    45 35141 22878 43681  1081 36677  9451 41182  5495  2637
  4546 19425 27738 43730]
[    1 37237  6733  5560  5702 26548  2872 17487 37348  7483  3161 22380
 35209  8959    45  2594 27203 43681  1081 36677 21881 41182  5495 38721
   675 19425 42793 43730]
[    1 13119 21713  5560  5702 26548  2872 13529 37348  7483  3161 22380
 11548 13875    45 35141 22878 43681  1081 36677  9451 41182  5495  2637
  4546 19425 27738 43730]
[    1 37237  6733  5560  5702 26548  2872 17487 21087  7483  3161 22380
 35209  8959 26962 35141 22878 40004  1081 36677 21881 41182  5495  2637
 31850 19425 27738 43730]
[    0 13119 21713  1606 14477 24584 21145  2712 21087  7483 25050 22380
 35209 13875 26962 41567 39027 40004 22088 25796 32567 30098  5495  2637
 31850  1870 27738 36242]
[    1  8640 42689  1927 25318  1775 15702 25531 29391  9380 35415 31586
  2713   706 25320 21478  7501   942  6828 25035 24739 23373 16119 18339
 23898 29679   917 14601]
Classifiers:
Normalize:False
meka.classifiers.multilabel.CDN -Ic 14 -I 254
weka.classifiers.functions.SGD -- -F 0 -L 0.001 -R 1e-07 -M
Normalize:False
meka.classifiers.multilabel.RT
weka.classifiers.trees.REPTree -- -M 57 -L -1
Normalize:False
meka.classifiers.multilabel.CDN -Ic 14 -I 254
weka.classifiers.functions.SGD -- -F 0 -L 0.001 -R 1e-07 -M
Normalize:False
meka.classifiers.multilabel.RT
weka.classifiers.trees.REPTree -- -M 57 -L -1
Normalize:False
meka.classifiers.multilabel.CDN -Ic 14 -I 805
weka.classifiers.rules.JRip -- -N 3.5 -E -O 3
Normalize:True
meka.classifiers.multilabel.BPNN -E 86 -H 9 -r 0.019 -m 0.8
None
Function value:
[[-6.2700e-01  8.8504e+04]
 [-4.3500e-01  6.1530e+03]
 [-6.2700e-01  8.8504e+04]
 [-4.3500e-01  6.1530e+03]
 [-5.7300e-01  5.9272e+04]
 [-5.1900e-01  9.6360e+03]]
F1 (macro averaged by label)
[0.627,0.435,0.627,0.435,0.573,0.519]
Model size
[88504.0,6153.0,88504.0,6153.0,59272.0,9636.0]
Evaluation:
[6,12,18,24,30,36,42,48,54,60,66,72,78,84,90,96,102,108,114]
Hypervolume:
[626987501.6600001,626988431.444,626987501.6600001,626987501.6600001,626988212.5649999,626988212.5649999,626988212.5649999,626988212.5649999,626988534.117,626988534.117,626988534.117,626988534.117,626988534.117,626988534.117,626988534.117,626988534.117,626988534.117,626988534.117,626988534.117]
History:
-0.627, 99441.0, -0.435, 6153.0, -0.519, 9636.0, -0.562, 59272.0
-0.435, 6153.0, -0.627, 99441.0, -0.627, 99441.0, -0.519, 9636.0, -0.586, 60700.0, -0.562, 59272.0
-0.435, 6153.0, -0.435, 6153.0, -0.627, 99441.0, -0.627, 99441.0, -0.519, 9636.0, -0.562, 59272.0
-0.627, 99441.0, -0.435, 6153.0, -0.627, 99441.0, -0.435, 6153.0, -0.562, 59272.0, -0.519, 9636.0
-0.435, 6153.0, -0.435, 6153.0, -0.627, 88504.0, -0.562, 59272.0, -0.519, 9636.0, -0.435, 6153.0
-0.627, 88504.0, -0.627, 88504.0, -0.435, 6153.0, -0.435, 6153.0, -0.519, 9636.0, -0.562, 59272.0
-0.435, 6153.0, -0.435, 6153.0, -0.627, 88504.0, -0.627, 88504.0, -0.562, 59272.0, -0.519, 9636.0
-0.435, 6153.0, -0.627, 88504.0, -0.627, 88504.0, -0.435, 6153.0, -0.562, 59272.0, -0.519, 9636.0
-0.435, 6153.0, -0.435, 6153.0, -0.627, 88504.0, -0.627, 88504.0, -0.573, 59272.0, -0.519, 9636.0
-0.627, 88504.0, -0.627, 88504.0, -0.435, 6153.0, -0.435, 6153.0, -0.573, 59272.0, -0.519, 9636.0
-0.435, 6153.0, -0.435, 6153.0, -0.627, 88504.0, -0.627, 88504.0, -0.573, 59272.0, -0.519, 9636.0
-0.627, 88504.0, -0.627, 88504.0, -0.435, 6153.0, -0.435, 6153.0, -0.519, 9636.0, -0.573, 59272.0
-0.627, 88504.0, -0.627, 88504.0, -0.435, 6153.0, -0.435, 6153.0, -0.519, 9636.0, -0.573, 59272.0
-0.627, 88504.0, -0.435, 6153.0, -0.435, 6153.0, -0.627, 88504.0, -0.573, 59272.0, -0.519, 9636.0
-0.435, 6153.0, -0.435, 6153.0, -0.627, 88504.0, -0.627, 88504.0, -0.519, 9636.0, -0.573, 59272.0
-0.627, 88504.0, -0.435, 6153.0, -0.435, 6153.0, -0.627, 88504.0, -0.573, 59272.0, -0.519, 9636.0
-0.435, 6153.0, -0.627, 88504.0, -0.627, 88504.0, -0.435, 6153.0, -0.573, 59272.0, -0.519, 9636.0
-0.627, 88504.0, -0.627, 88504.0, -0.435, 6153.0, -0.435, 6153.0, -0.519, 9636.0, -0.573, 59272.0
-0.627, 88504.0, -0.435, 6153.0, -0.627, 88504.0, -0.435, 6153.0, -0.573, 59272.0, -0.519, 9636.0
