Execution time:11.53259825706482
Best solution found:
[    1 26113  7953  5552 21639 29323  6068  3525 15325 27256 35364 27677
 39742 33224 41200 40501 13705 20042 11805 17627 44700 13222 41108 24639
 42935 16685 25024   177]
[    1 26113 44832  5552 21639 29323  6068 40477 15325 27256 35364 27677
 39742 33224 41200 40501 13705 20042 11805 17627 44700 13222 41108 24639
 42935 16685 25024   177]
[    1 26113  7953  5552 21639 29323  6068  3525 15325 27256 35364 27677
 39742 33224 41200 40501 13705 20042 11805 17627 44700 13222 41108 24639
 42935 16685 25024   177]
[    0 26113 44832  5552 21639 29323  6068 40477 33307 27256 35364 27677
 39742 33224 41200 40501 13705 20042 11805 15116 40170 13222 41108 24639
 42935 16685 25024   177]
[    0 26113  7953  5552 21639 29323  6068  3525 33307 27256 35364 27677
 39742 33224 41200 40501 13705 20042 11805 15116 40170 13222 41108 24639
 42935 16685 25024   177]
[    1 26113 44832  5552 21639 29323  6068  3525 15325 27256 35364 27677
 39742 33224 41200 40501 13705 20042 11805 17627 44700 13222 41108 24639
 42935 16685 25024   177]
Classifiers:
Normalize:False
meka.classifiers.multilabel.RT
weka.classifiers.rules.PART -- -M 49 -B -R -N 2
Normalize:False
meka.classifiers.multilabel.RT
weka.classifiers.bayes.NaiveBayes -- -D
Normalize:False
meka.classifiers.multilabel.RT
weka.classifiers.rules.PART -- -M 49 -B -R -N 2
Normalize:False
meka.classifiers.multilabel.RT
weka.classifiers.bayes.NaiveBayes -- -D
Normalize:False
meka.classifiers.multilabel.RT
weka.classifiers.rules.PART -- -M 49 -B -R -N 2
Normalize:False
meka.classifiers.multilabel.RT
weka.classifiers.bayes.NaiveBayes -- -D
Function value:
[[-5.2700e-01  7.0880e+03]
 [-6.2600e-01  1.8476e+04]
 [-5.2700e-01  7.0880e+03]
 [-6.2600e-01  1.8476e+04]
 [-5.2700e-01  7.0880e+03]
 [-6.2600e-01  1.8476e+04]]
F1 (macro averaged by label)
[0.527,0.626,0.527,0.626,0.527,0.626]
Model size
[7088.0,18476.0,7088.0,18476.0,7088.0,18476.0]
Evaluation:
[6,12,18,24,30,36,42,48,54,60,66,72,78]
Hypervolume:
[582993721.7759999,582993721.7759999,625994435.5,625994435.5,625994435.5,625994435.5,625994435.5,625994435.5,625994435.5,625994435.5,625994435.5,625994435.5,625994435.5]
History:
-0.527, 7088.0, -0.583, 45408.0
-0.527, 7088.0, -0.583, 45408.0, -0.583, 45408.0, -0.527, 7088.0, -0.527, 7088.0
-0.527, 7088.0, -0.527, 7088.0, -0.527, 7088.0, -0.626, 18476.0, -0.527, 7088.0
-0.626, 18476.0, -0.527, 7088.0, -0.626, 18476.0, -0.527, 7088.0, -0.527, 7088.0, -0.626, 18476.0
-0.626, 18476.0, -0.527, 7088.0, -0.527, 7088.0, -0.626, 18476.0, -0.527, 7088.0, -0.527, 7088.0
-0.626, 18476.0, -0.527, 7088.0, -0.527, 7088.0, -0.626, 18476.0, -0.527, 7088.0, -0.527, 7088.0
-0.626, 18476.0, -0.527, 7088.0, -0.626, 18476.0, -0.527, 7088.0, -0.527, 7088.0, -0.626, 18476.0
-0.527, 7088.0, -0.626, 18476.0, -0.626, 18476.0, -0.527, 7088.0, -0.527, 7088.0, -0.626, 18476.0
-0.626, 18476.0, -0.527, 7088.0, -0.626, 18476.0, -0.527, 7088.0, -0.527, 7088.0, -0.626, 18476.0
-0.626, 18476.0, -0.626, 18476.0, -0.527, 7088.0, -0.527, 7088.0, -0.626, 18476.0, -0.527, 7088.0
-0.527, 7088.0, -0.626, 18476.0, -0.626, 18476.0, -0.527, 7088.0, -0.626, 18476.0, -0.527, 7088.0
-0.527, 7088.0, -0.527, 7088.0, -0.626, 18476.0, -0.626, 18476.0, -0.527, 7088.0, -0.626, 18476.0
-0.527, 7088.0, -0.626, 18476.0, -0.527, 7088.0, -0.626, 18476.0, -0.527, 7088.0, -0.626, 18476.0
