Execution time:62.582841634750366
Best solution found:
[    1 41490 26526 27873 33104 39525 35676 32994  9034 41358 16944 21284
  6521 10672 23576 25731 15113 28581 15578 35529 38986 18995 36868 11700
  2279 12907  7366 11968]
[    0 41490 26526 19347 33104 27682 35676 32994  9034 41358 16944 21284
  6521 10672 23576 25731 15113 28581 15578 35529 38986 18995 36868 11700
  2279 12907  7366 11968]
[    0 41490 26526 19347 33104 27682 35676 32994  9034 41358  4443 21284
  6521 10672 27506 25731 15113 28581 15578 32137 38986 18995 36868 11700
 10534 12907  7366 11968]
[    1 41490 26526 27873 33104 39525 35676 32994  9034 41358  4443 21284
  6521 10672 27506 25731 15113 28581 15578 32137 38986 18995 36868 11700
 10534 12907  7366 11968]
[    1 41490 26526 34415 33104 27682 35676 32994 19811  9014  4443 21284
  6521 10672 23576 25731 15113 28581 33701 35529 37917 29707 36868 11700
  2279 12907  7366 11968]
[    0 41490 26526 34415 33104 39525 35676 32994 19811 41358 30548  5974
  6521 10672 27506 25731 15113 28581 33701 35529 38986 29707 36868 25038
 10534 12907  7366 11968]
Classifiers:
Normalize:True
meka.classifiers.multilabel.BPNN -E 770 -H 13 -r 0.005 -m 0.6
None
Normalize:False
meka.classifiers.multilabel.BPNN -E 770 -H 4 -r 0.005 -m 0.3
None
Normalize:False
meka.classifiers.multilabel.BPNN -E 770 -H 4 -r 0.005 -m 0.3
None
Normalize:True
meka.classifiers.multilabel.BPNN -E 770 -H 13 -r 0.005 -m 0.6
None
Normalize:True
meka.classifiers.multilabel.BPNN -E 770 -H 10 -r 0.005 -m 0.3
None
Normalize:False
meka.classifiers.multilabel.BPNN -E 770 -H 10 -r 0.005 -m 0.6
None
Function value:
[[-5.9000e-01  1.1444e+04]
 [-4.8900e-01  7.3710e+03]
 [-4.8900e-01  7.3710e+03]
 [-5.9000e-01  1.1444e+04]
 [-5.0900e-01  1.0088e+04]
 [-5.0300e-01  1.0083e+04]]
F1 (macro averaged by label)
[0.59,0.489,0.489,0.59,0.509,0.503]
Model size
[11444.0,7371.0,7371.0,11444.0,10088.0,10083.0]
Evaluation:
[6,12,18,24,30,36,42,48,54,60,66,72,78,84,90,96,102,108,114,120,126,132,138,144,150,156,162,168,174]
Hypervolume:
[526992509.319,526994385.09400004,589995126.155,589995158.1769999,589995158.1769999,589995242.249,589995242.249,589995242.249,589995242.249,589995242.249,589995242.4039999,589995242.4039999,589995242.4039999,589995242.4039999,589995242.4039999,589995242.4039999,589995242.4039999,589995242.5139999,589995266.9269999,589995266.9269999,589995266.9269999,589995266.9269999,589995266.9269999,589995266.9269999,589995266.9269999,589995266.9269999,589995266.9269999,589995266.9269999,589995266.9269999]
History:
-0.438, 7376.0, -0.527, 92665.0, -0.504, 32253.0
-0.438, 7376.0, -0.527, 92665.0, -0.509, 10088.0
-0.438, 7376.0, -0.509, 10088.0, -0.449, 10083.0, -0.59, 11444.0, -0.438, 7376.0
-0.509, 10088.0, -0.59, 11444.0, -0.449, 7371.0, -0.59, 11444.0
-0.59, 11444.0, -0.449, 7371.0, -0.449, 7371.0, -0.59, 11444.0, -0.509, 10088.0, -0.59, 11444.0
-0.449, 7371.0, -0.449, 7371.0, -0.59, 11444.0, -0.59, 11444.0, -0.509, 10088.0, -0.48, 7376.0
-0.449, 7371.0, -0.59, 11444.0, -0.59, 11444.0, -0.449, 7371.0, -0.509, 10088.0, -0.48, 7376.0
-0.449, 7371.0, -0.59, 11444.0, -0.59, 11444.0, -0.449, 7371.0, -0.509, 10088.0, -0.48, 7376.0
-0.449, 7371.0, -0.59, 11444.0, -0.449, 7371.0, -0.59, 11444.0, -0.509, 10088.0, -0.48, 7376.0
-0.59, 11444.0, -0.449, 7371.0, -0.59, 11444.0, -0.449, 7371.0, -0.509, 10088.0, -0.48, 7376.0
-0.59, 11444.0, -0.59, 11444.0, -0.509, 10088.0, -0.48, 7371.0, -0.59, 11444.0
-0.59, 11444.0, -0.48, 7371.0, -0.59, 11444.0, -0.48, 7371.0, -0.509, 10088.0, -0.59, 11444.0
-0.59, 11444.0, -0.48, 7371.0, -0.48, 7371.0, -0.59, 11444.0, -0.509, 10088.0, -0.509, 10088.0
-0.48, 7371.0, -0.59, 11444.0, -0.48, 7371.0, -0.59, 11444.0, -0.509, 10088.0, -0.509, 10088.0
-0.48, 7371.0, -0.48, 7371.0, -0.59, 11444.0, -0.59, 11444.0, -0.509, 10088.0, -0.509, 10088.0
-0.59, 11444.0, -0.48, 7371.0, -0.48, 7371.0, -0.59, 11444.0, -0.509, 10088.0, -0.509, 10088.0
-0.59, 11444.0, -0.59, 11444.0, -0.48, 7371.0, -0.48, 7371.0, -0.509, 10088.0, -0.509, 10088.0
-0.48, 7371.0, -0.59, 11444.0, -0.48, 7371.0, -0.59, 11444.0, -0.502, 10083.0, -0.509, 10088.0
-0.489, 7371.0, -0.59, 11444.0, -0.59, 11444.0, -0.509, 10088.0, -0.503, 10083.0, -0.59, 11444.0
-0.489, 7371.0, -0.489, 7371.0, -0.59, 11444.0, -0.59, 11444.0, -0.503, 10083.0, -0.509, 10088.0
-0.489, 7371.0, -0.59, 11444.0, -0.59, 11444.0, -0.489, 7371.0, -0.509, 10088.0, -0.503, 10083.0
-0.489, 7371.0, -0.489, 7371.0, -0.59, 11444.0, -0.59, 11444.0, -0.509, 10088.0, -0.503, 10083.0
-0.489, 7371.0, -0.59, 11444.0, -0.59, 11444.0, -0.489, 7371.0, -0.509, 10088.0, -0.503, 10083.0
-0.59, 11444.0, -0.59, 11444.0, -0.489, 7371.0, -0.489, 7371.0, -0.509, 10088.0, -0.503, 10083.0
-0.489, 7371.0, -0.59, 11444.0, -0.59, 11444.0, -0.489, 7371.0, -0.503, 10083.0, -0.509, 10088.0
-0.489, 7371.0, -0.59, 11444.0, -0.489, 7371.0, -0.59, 11444.0, -0.509, 10088.0, -0.503, 10083.0
-0.59, 11444.0, -0.489, 7371.0, -0.489, 7371.0, -0.59, 11444.0, -0.509, 10088.0, -0.503, 10083.0
-0.59, 11444.0, -0.489, 7371.0, -0.489, 7371.0, -0.59, 11444.0, -0.509, 10088.0, -0.503, 10083.0
-0.59, 11444.0, -0.489, 7371.0, -0.489, 7371.0, -0.59, 11444.0, -0.509, 10088.0, -0.503, 10083.0
